170 1 1 2 0.2835950594980546 3.0202700000000005 0.917958 0.6394605 0.01123809523809524 4 1 1 2.0
171 2 2 2 0.32745692892992406 -20.828400000000002 10.86338 4.50402425 0.011804878048780488 2 4 1 2.0
172 3 2 2 0.33521186312884793 -57.28619999999999 34.24147 12.57280375 0.011740630577037479 2 4 1 2.0
174 4 1 2 0.2633972367293502 61.506600000000006 30.703509999999998 12.53848675 0.011019631171921476 4 1 1 2.0
175 5 1 2 0.22827510352684235 21.8779 9.51001 4.50759125 0.011792980368828079 4 1 1 2.0
176 6 2 2 0.3414544695309186 -18.16047 8.85556 3.7953777499999997 0.012527461427741724 2 4 1 2.0
190 7 1 2 0.24447743130541874 32.7044 14.560609999999999 1.7559951900000004 0.02294322566145163 4 1 1 4.0
193 8 2 2 0.32820523884671665 -31.7984 17.38384 1.7048934 0.02540170132325142 2 4 1 4.0
194 9 2 2 0.3317089873200953 -14.77434 6.86779 0.7880235465000001 0.02294322566145163 2 4 1 4.0
195 10 1 2 0.26488207559048443 14.968419999999998 5.22983 0.79806 0.02294322566145163 4 1 1 4.0
205 11 2 2 0.3307093499910156 -29.8794 18.53573 6.5706292500000005 0.011740630577037479 2 4 1 2.0
206 12 1 2 0.26585902363928826 32.1167 16.156399999999998 6.563731000000001 0.011019631171921476 4 1 1 2.0
207 13 1 2 0.2772193717405193 23.2562 10.084529999999999 4.713657250000001 0.011019631171921476 4 1 1 2.0
209 14 2 2 0.33963321845646255 -22.118000000000002 12.77608 4.710848749999999 0.011740630577037479 2 4 1 2.0
212 15 1 2 1.4855736447492656 3.20533 0.94191 1.312060352 0.026903396415823917 4 1 1 1.0
213 16 2 2 0.321956523792264 -3.20531 1.384786 1.312060352 0.028663648869720407 2 4 1 1.0
223 17 1 2 0.25341526240488166 43.7518 20.988740000000004 2.3350556399999998 0.02294322566145163 4 1 1 4.0
225 18 2 2 0.3294605669112136 -42.0612 23.82329 2.330500755 0.02294322566145163 2 4 1 4.0
250 19 1 2 0.27324089371059823 16.231489999999997 6.593500000000001 3.369366 0.015000000000000001 4 1 1 2.0
251 20 1 2 0.25301645467080097 28.211599999999997 10.665410000000001 1.4890738350000001 0.02294322566145163 4 1 1 4.0